Number of parameters: 7
Number of responses: 0
index                     perm4                  perm5                  perm6                  perm7                  perm8                  perm9                  kmult
1         6.384567008016166e-15   8.74507071389137e-15  5.600246314757734e-15  4.539277822125233e-15  1.000287427939503e-15  6.165481730912708e-15     0.5406297415599676
2         4.146786523479651e-15  7.202366374907644e-15  6.018746381240995e-15  9.157253840654779e-15  9.436001220237532e-15  9.213320633217384e-15     0.5492696469960446
3         4.540877597756996e-16  6.795692290723412e-15  3.244410848088495e-15  3.690147636048644e-15  5.411804342621303e-15  9.445465220801153e-16      1.663372576878771
4         8.417565206328648e-15    3.0836644615788e-15   6.18065337169359e-15  4.210133431769557e-16  7.170240759142559e-15  4.568894942826698e-15      1.318112254791176
5         7.059326456688017e-15  9.529378270515329e-15  1.962300154157887e-15   1.41290443160671e-15  2.538798377441142e-15  9.489496591407273e-15      1.654197919682734
6          9.83990339279714e-15  2.200380495789292e-15  1.924958680346231e-15   5.96129849408995e-15  2.121203316866646e-16   8.28499756881586e-16     0.5059697550998749
7         1.207429043412557e-15  5.516936676208143e-15  5.635973052721147e-15  8.066674423448336e-16  6.586205664279855e-15  3.486074403683815e-15      0.595606678495489
8         5.285710712798383e-15  2.248657183743712e-15  1.141782002358257e-15  8.609828400658271e-15  5.713143881904299e-16  9.971768870296977e-15      1.098350949476593
9         9.099345583251822e-15  2.176525907213019e-15  8.165557447765725e-15   2.95047214743902e-16  1.422244194359017e-15  6.199812771586041e-15     0.7956166915937557
10        4.326144950090065e-16  9.940248356829854e-15  5.944121874102394e-15  7.551498845325844e-15  4.069655840083904e-15  5.996909371603115e-15      1.590746817554421
11        8.543531549904541e-15  1.627557363210908e-16  4.725155148105356e-15   9.52789903205817e-16  8.284051071976303e-15  5.971148366042762e-15      1.263118535380504
12         8.77099071881624e-16  6.868039125490861e-15  4.951141463690759e-15  7.478073285564024e-15  5.283791583881726e-16  6.870320681597259e-15       1.42787673652858
13        8.880858563637798e-15  5.259687892088741e-15  5.100840546329486e-15  6.761188500146818e-15  2.261795258467892e-15    7.2722421403478e-15      1.757813375527364
14        8.473176838688801e-15  9.082209697537551e-15  8.727598722821367e-15  5.016910681371575e-15  4.387651233228973e-15  1.078212433932151e-15     0.5346616215958367
15        5.907869394602488e-15  8.128113744716394e-15  5.287252722632746e-15  2.790204408803834e-15   8.94499574653674e-16  7.522895222212514e-15     0.5965174227498178
16        5.171948524372228e-15  1.874526066957902e-15  3.416268059657444e-15  9.933142278396007e-15  9.970771492850116e-15  5.600550775253596e-15      1.763649348507735
17        3.283214691217069e-15  6.447298314224691e-15  5.354583001499913e-15  2.386403085924532e-15     1.263433854608e-16  2.328884419089036e-15     0.5532774420856876
18        1.794027168342884e-15  4.285294970132248e-15   2.57108159068151e-15  7.734458721533627e-15  7.259558781401105e-15  1.450185986628228e-15     0.9139350157007045
19        3.578481365078769e-15  8.091317071486518e-15  2.883800738477714e-15  4.438538012610705e-15  8.350456772930096e-15  4.866684699427727e-15      1.930494470370664
20        5.055814490995306e-16  6.090862857499131e-15  9.754362207891483e-15  1.694568977977091e-15  4.895352500756865e-15   8.00129860689529e-15       1.55860738932916
21        1.149652362709763e-15   2.34971217463795e-15  4.691680958018237e-16  8.581369257905562e-16  3.717744687025588e-15  5.291270973781093e-15      1.630652623049037
22        6.953479642299807e-15  3.165550916592746e-15   2.96861823802837e-15   8.81450169190342e-15  4.137280054483265e-15  6.096122347162102e-15      1.882576894241037
23        5.326245340078639e-15  7.360909412253069e-16  2.433105508150771e-15   9.18926095610424e-16  1.810273316924496e-15   6.72570800744309e-15      1.829178275910478
24        4.079756342985294e-15  6.317017595393933e-16  7.287117779863279e-15  9.011900217259401e-15  6.312297157010291e-16  8.633290541211273e-15     0.9745881340166342
25        9.767087375708696e-15  2.925124876383071e-15  8.739831609751165e-17  1.249135656973824e-15  3.404176195225903e-15  9.440714928046254e-15      1.296026838685178
26         1.31927190601743e-15  5.632207432466065e-16  5.173884172870966e-16   4.78805241116651e-15  7.833741245594169e-15  8.531585718783267e-15      1.507554451364711
27        8.463806963885135e-16  6.132124812705056e-15  5.995109917693813e-15  9.257461715194424e-15  7.110233273578442e-15  9.746259901422903e-16      1.672098476817782
28         3.34385418080718e-15  8.739623830993888e-15  3.701815197560863e-15  9.139558598184233e-15  1.916474597064817e-15  2.281272179489874e-15      1.772728022141125
29         6.76554145411964e-15   5.12342245759484e-15  1.525960298464142e-18   6.63077512781791e-15  4.511131257893472e-15  3.246700815987271e-15      1.342510232498016
30        1.226549087223025e-15  2.235364510634861e-15   7.03998570805422e-15  7.830869004357622e-16   7.28308162527976e-15  7.095400024402498e-15      1.280063420292605
31        3.797341150128207e-15  7.074177998877985e-15  6.153240966501765e-15  5.720420760781519e-15  4.332420391202543e-15   5.72615668960156e-15      1.903419056122821
32        9.547567416450792e-15  8.183820211752117e-15   5.09482182130354e-15  5.659413675728602e-17  1.453681602778951e-15  2.535007256334147e-16      1.632454642034923
33        3.617267316032255e-15  3.289270581295752e-15  2.772111851615864e-15  1.164508738634503e-15  9.717579414048179e-15   3.03218312649233e-15     0.8458272681153771
34         6.57985592656838e-15  5.049759080452034e-15  2.039965894352878e-15  8.124676019477293e-15  9.721528790507601e-15  4.009458239409432e-15     0.6626740829824107
35        1.921128811946645e-15  7.971163043934991e-15  4.990424973615739e-15  5.609675365328357e-15  1.887180886833303e-15  7.279968898004149e-16      1.364325172647344
36        4.179854287391876e-15  5.885879227296628e-15  7.263170369282672e-15  8.220958511680198e-15  1.407478594800839e-15  1.858872014111805e-15      1.230194677352793
37        1.860379375357181e-15  7.115081580317464e-15  3.239259739219119e-15   1.87808406636183e-15  4.930400523592964e-15  7.884477889079587e-15      1.841486784816921
38        5.351731888239965e-16  7.033168479281185e-15  2.728731597359621e-15  7.663649591095805e-15  2.780827810815006e-15  5.591742912368911e-15     0.9326795378723085
39        2.287721674033451e-15  9.771248401252197e-15  9.317760831660495e-15   1.09135577025657e-17  1.643571188682294e-15     5.115471063609e-15     0.6899025098343471
40        9.789552936592244e-15   6.19654891308329e-16  1.321223029135506e-15  1.377719953753046e-15  4.154264774688176e-15  4.464856895707585e-15      0.827449984562727
41        7.358584708306236e-15  8.049210183482895e-15  1.714872709176979e-15  8.333644342120002e-15  1.022114013337119e-16  3.651266650561888e-15      1.800187028437982
42        2.331800323656367e-15  6.339866926362524e-15  1.181719912075634e-15  8.858786764291128e-15   3.58847148230325e-15  8.912923098513123e-15     0.5556409790247883
43        1.248866544460817e-16  9.731468121330828e-15  7.518559038350858e-15  5.431349027726455e-15  3.079536674794733e-15  3.289840776590465e-15     0.5710725726974698
44        4.598449650784874e-15  1.217362197126838e-15  1.645006786012385e-15  3.870462966271895e-15  3.752503638907871e-15  3.018194337737039e-15      1.035666548609762
45        9.570120820613566e-17  2.809848803621891e-15  7.549334211630378e-15  5.747809474629953e-15  3.882928576935221e-15  8.442226785496502e-15      1.319528490959685
46        7.280620546975602e-15  9.898908219838007e-15  5.494318883539782e-15  7.613757903805707e-15  5.941577364693223e-15  6.787989372275018e-16      1.973140480354402
47        7.085967399129415e-15  3.762443461567987e-15    6.3684475176506e-15  7.644651148841917e-15  2.988192998379959e-15   6.50991157779085e-15      1.805244024239654
48        7.921621848683027e-15  6.854552441951506e-15  3.675582967720659e-16  5.291745467670446e-15  9.124521722573415e-16  1.709152379705577e-15      1.562786920231938
49        5.266547157657714e-15  5.011300744024525e-15  8.796322999002571e-15  3.332256678396165e-15  4.908441760122155e-15   3.95561560486418e-15      1.980521037796922
50        4.447429024780332e-15  7.434063144215957e-16  7.131433315990316e-15  1.914880854113377e-15    6.0936412873801e-16  3.862218679347297e-15     0.7326637560048643
51        7.764061691692787e-15   2.94892235528094e-15  6.090474459636131e-15  9.372854882342717e-15  7.777226125642885e-15  3.177327845017093e-15      1.596289104200863
52        6.935160689568843e-15  3.076510330083165e-15  5.546616510240026e-15  3.082391807739194e-16  7.316049850389945e-15  6.252233135344325e-15     0.8587162591328111
53        1.976876723673665e-15  2.153907571908071e-15  6.978072423309435e-15  8.943647651359356e-15  6.815337089076409e-15  2.972337425346546e-15      1.525463472705832
54        7.562372184608748e-16  6.060450184058035e-15  9.810690385488882e-15  1.273572105517689e-16  7.508415607599754e-15  4.926298445637147e-15     0.7007953401249589
55        7.264623467219875e-15  7.146609148079037e-15  9.697169340986941e-15  3.975720507340296e-15  6.011051628259754e-15  1.047804414020744e-15     0.7589234484573431
56        9.633789734769589e-15  5.062713231626284e-15   5.46936267739316e-15   2.21175538712858e-15  7.038651830858374e-15  3.106643575636595e-15      1.481375219056408
57        4.719595795976138e-15  1.031675717091211e-15  7.910678551967677e-15  1.038727947208265e-15  7.551174022925519e-15  2.788747189678375e-15     0.8035616694150018
58        5.989861346562332e-15  9.910865122818894e-15   4.88334112088676e-15  5.370807794128224e-15  7.050447893894006e-15  7.154623289021494e-15      1.884883160990655
59        6.402372947748259e-15  2.699505892137166e-15  5.843488798718212e-15  2.515535398201281e-15  3.654948808813708e-15  7.410128033441731e-15      1.812380537360976
60        9.883380892207663e-15  3.681229834891965e-15   5.31898464873586e-15  3.807464678170373e-15  1.662338135575729e-15  7.067191917317008e-15      1.257992461177683
61        7.166008159537556e-15  8.549845034616711e-15  9.954964050080682e-15  8.756812773209555e-15  9.456921615803448e-15  7.966496874773239e-15     0.9090944161097322
62        4.918491706377023e-15  3.648680092329955e-15  7.737079415021315e-15  5.311768955777752e-15  2.806151459408642e-15  3.096276847610852e-15      1.292332914815722
63         9.60781188371298e-15  2.782534707390657e-15  4.663767349193038e-15  1.184632986110391e-15   8.21245106523343e-15  4.435093529902575e-15      1.576108594184604
64        8.524253655231737e-15  9.622514392263865e-15  3.566453617509119e-15  1.657306565036916e-15  1.830202738143266e-16  8.187391948043778e-15     0.6458499775429993
65        1.053900921789167e-15  3.373644172325071e-15  4.234667584697549e-15  7.068645018326385e-15  6.245444591555832e-15  9.776211527228949e-15       0.87795646326068
66        9.029615388779213e-15  4.402760204836988e-15  3.020544026511553e-15  5.851144278525962e-16  4.878944648085456e-15  4.135936719484483e-15      1.375054805563767
67        5.605785385597469e-15  2.587216001492708e-15  9.779415288186402e-15  9.032172890165709e-15   3.21579162035717e-15   3.96303563509373e-15     0.6190700170665292
68        4.854992762252912e-16  2.751594392765601e-15  7.703983187116969e-15  6.183880747164509e-15  1.220586188311304e-15  6.396431237306921e-15     0.9239997211771843
69        1.902507016470887e-15  9.844638747264614e-15  8.329591555004807e-15  4.632936498872801e-15  6.144894437798244e-15  5.264094192233428e-15      1.100285145259559
70        8.622682639191197e-15  5.458038171023291e-15  8.546192324013165e-15  5.981567679191995e-15  8.029679153047429e-15  9.043777763220176e-15      1.188101189228045
71        9.012970768275977e-15  5.821934738481051e-15  3.344520168784249e-15  6.627110674229947e-16   1.52555047740203e-15  2.234692005073829e-15      1.025720269628893
72        6.015118193265822e-15  9.149269496709887e-15  4.683749623410427e-15  5.845970382918911e-15  1.508425588859734e-15   6.98120811311176e-15      1.582446434059881
73        5.676999076158535e-16  3.103314073344917e-15  3.962013229519472e-15  1.761899967275181e-15  9.664067057002821e-15  5.484856634477884e-15      1.510202965064311
74        3.300704614023555e-15  9.072849365352654e-15  2.385869816627988e-15  9.983779168393269e-15  3.447171943899727e-16  5.301529753653073e-15      1.493097828061792
75        2.364206063320943e-15  4.782731462111834e-15  3.977397322716805e-16  4.984208816437621e-15  9.384250843826873e-15  1.084256166017947e-15      1.088573832083837
76        3.063309036003352e-15  2.481944346301538e-15  6.245044379843607e-15  4.246457382300224e-15  1.721262644249266e-15  6.125911075443809e-15      1.469317575107009
77        6.063296940762373e-15  7.476815332650026e-15  2.592535848301473e-15  9.675145875171631e-15  8.567958076884268e-15  2.153081268336453e-15      1.046656402455944
78        7.999946189674648e-15  2.121691786679085e-15  6.409514795840318e-16  8.079725613271189e-15  8.124068556341685e-15  7.572142814782268e-16      1.191534635062237
79        9.336609718966934e-15  2.859048171670838e-15  4.444340561611682e-15   2.03840122099409e-15  4.119452351612786e-15  2.077195123568552e-15       1.93959426294498
80        1.103321471681791e-15  2.896492715204695e-15  2.372235235109132e-15  3.351915489666261e-15  3.501430437333673e-15  6.160074480628296e-16     0.7571258448007934
81         2.02889062383501e-15  2.570510541672075e-15  9.493949745717392e-15  8.089962213529546e-15  2.321314090191751e-15  5.469270099079151e-15     0.6435015209710124
82        8.030886891076643e-15  8.986401301128727e-15  2.627782357269102e-15  7.212836867206417e-15  7.902420830224624e-15  9.945928051792193e-15     0.8867393438464625
83        5.100956710846664e-15  9.259810892447677e-15  8.030450687440982e-15   9.30458150426504e-15  1.712886427794983e-15  7.042084721584188e-15      1.011579849599058
84        4.972490955991879e-15  8.147956775511289e-15  6.392215282328672e-15  7.303326769404041e-15  4.789802390497034e-15   2.53085859794025e-15      1.305298197510026
85        9.806573565050513e-15  9.185051903669723e-15   4.52841956360114e-15  3.835976129476125e-15  8.527759391504991e-15  7.693676231305092e-15       1.55198395422086
86        2.665463048731047e-15  1.970611364349992e-15  1.389048376130252e-15  2.120094332969505e-16  4.977480462481256e-15  7.721736767009713e-15      1.173012083586083
87        7.918359123201778e-15  7.564767397522388e-15  8.304620336427788e-15  4.763622804846279e-16  8.952061886809793e-15  8.266431647076727e-15     0.5466217905197845
88        9.582400233284691e-15  3.804633475591074e-15  5.667475143034744e-15  8.659357331113783e-16  5.379454204622849e-15  2.895816262992246e-15      1.746342641055414
89        4.722685835819872e-15  2.557179050804317e-15  5.510006326234472e-15  1.073357005127447e-16  8.501462788393638e-15  1.251167099597708e-15      1.154541412317097
90        6.373567980410803e-15  9.418871202181005e-15   7.10747899559256e-15  8.570915728124826e-15  5.975968405145196e-15  6.323774858346916e-15      1.753959056930643
91        5.717025954859379e-15  9.109520628015417e-15  1.102086468478877e-15  1.103177956652066e-15  5.699308583142899e-15  3.589152554263287e-15     0.8950767771121185
92        4.932649110575698e-15   8.86222140921284e-15   6.35743689000849e-15  8.867430205885707e-15  7.720605448069152e-15  4.751937939539795e-15      1.693502251605011
93         6.21229029760714e-15  6.296220281936511e-15  8.904572660264394e-15  4.059507142426748e-15   5.45916656036817e-16  8.500671975840307e-15      1.700731453310325
94        8.570898752763647e-15  2.621371065333769e-15  2.216987169242843e-15  3.559008179299792e-15  9.538797558052857e-16  9.091495818311623e-15     0.8513588059421218
95        9.306198893637643e-16  4.931737609528796e-15  5.892284095343594e-15  5.461725342651981e-15  5.281167757161582e-15  9.145968237043401e-15     0.7071322142923333
96        9.183499780120033e-15  9.042739229038012e-16  4.101205558089299e-15  9.561762220840748e-15  9.385854572054943e-16  5.681767316504457e-15      1.919152244085229
97         8.77371869251746e-15  8.786458916329668e-15  2.162909813149372e-15  9.343917410669824e-15  6.361103003759088e-15  3.626624133644656e-15      1.685032883689012
98        5.456294275784933e-15  8.226598834605051e-15    5.5483867457071e-16   6.38645853860176e-15  9.786458056417231e-15  9.027367677695459e-15      1.909999068565841
99        2.739714718749272e-15  9.972785896311276e-15  8.199399576422804e-15  4.082520903693894e-15  5.855371065393255e-17  6.007415969805913e-15      1.288522802557177
100       6.583048522580607e-16  9.339884968128277e-15    2.9587092449736e-15  3.940805604406748e-15  9.508048843629773e-15  1.556534335754801e-15     0.7270617551234263
101        3.55671331288911e-15  5.532318886344515e-15  2.792749293568976e-15  5.509653166457933e-15  1.278378503993332e-15  7.461016917730995e-15      1.722293714685819
102        3.94299354363811e-15  7.801289741211347e-15  9.037266446329037e-15  6.557735863887988e-15  5.811081636116358e-15  8.363813827318124e-15     0.7286777448551018
103       8.360420840810424e-15  7.338125956229292e-15  1.566813342301511e-15  3.592436562635512e-15  8.411952751472118e-15  8.684521675079377e-15       1.00504382431768
104       2.643530464152837e-15  3.317115155612905e-15  9.397773105079355e-16  4.269607191230323e-15  3.558789537333624e-15  5.210374256621307e-15     0.7113280509355526
105       6.755876055959216e-16    7.9275733372979e-15  9.511269040412889e-15  6.892542374371243e-16  6.749799153623158e-15  4.045048659850619e-15      1.210105806611701
106       6.269110561186318e-15  9.012583800196227e-15  8.704693640323917e-15  3.852999696400469e-15  7.007884617016952e-16  3.930051207627178e-15       1.24080571867497
107       3.006976063355691e-15  3.439976816610909e-15  3.064584912728111e-15  1.155104510495501e-15  9.234499149833765e-15  2.673857670104405e-15      1.814222193417595
108       2.857164522312133e-15  4.542980649991556e-15    9.1172777002833e-15  6.798255529649571e-15  2.443152518180129e-15  7.564755214635612e-15      1.357883825009849
109       7.618433511365119e-15  9.550703579249657e-15  9.646200391778648e-16  6.109708938916525e-15  7.713642693246887e-15    2.8535266560643e-15      1.069136697443466
110       2.414529837587277e-15  1.539876847734207e-15  2.119653312982426e-15  1.615509663036317e-15  7.066478568145946e-15  2.126299398846631e-15      1.175418909777972
111       9.064178441936043e-15  6.050779837206731e-15  3.785676988951915e-15  2.331772601323725e-15  8.616001900334678e-15  1.340808972853576e-15      1.169759386133554
112       8.976409582621455e-15  3.704965471801378e-15  4.704534285424875e-15  9.687114630953747e-15  9.123246227034333e-15   5.18230223070242e-15     0.9378914887164764
113       1.334904097771867e-15  9.947218709400932e-16  6.680567079553817e-15  6.402018048626955e-15  3.397907213807031e-15  3.341385391741704e-15      1.159470424678773
114       1.516843946956573e-15  8.700822948579502e-16  4.141197319887645e-15  4.338807666546548e-15  2.870857333458225e-15  4.792387691553362e-15      1.627812634702915
115       9.236944739015071e-15  9.291892863465752e-15  9.865641739247388e-15  7.280133824331422e-15  7.438666983594672e-15  8.639990892048984e-16      1.993353068389628
116       1.418705056631607e-15  6.980058659462133e-16    3.1596568234558e-16  6.949695310513145e-15  4.489194546239621e-15  4.074524379457763e-15      1.698768399396231
117       9.350164552867012e-15  2.396928735448745e-15  9.795820409812571e-15  1.222747083904248e-15  4.275976626490553e-16  3.464132044088446e-15      1.716291868479852
118       6.240080796130084e-15  1.687181507397437e-15  7.313118650910556e-15  6.867782978585362e-15   4.81387369149533e-15  7.662708934038094e-15      1.460482783599945
119       2.163121737804187e-15  2.831174039721675e-15  9.183272064807266e-15  6.234615310486549e-16  2.736271596689854e-15  6.449904770676459e-15      1.966878482906887
120       2.053895784848403e-15  2.375456288214701e-15   3.76926217516615e-15  3.366206253329996e-15  8.220419201881576e-15  6.368821583283217e-15      1.053571489971329
121       7.211364906835546e-15  4.771212227259562e-15  4.261677280959433e-15  5.143804555424166e-15  8.669406417799509e-15  9.907090168376809e-15      1.086328436822175
122       1.852140179178779e-15  2.668893806334961e-15   3.44716891102024e-15  2.691236121197841e-15  1.577286715012111e-15  9.191786145537785e-15      1.611300157832502
123       6.446697826176026e-15  3.355713027341348e-15  7.669072033827544e-15  6.203868228411096e-15  4.737458715612619e-15   9.29390992574837e-15      1.314596687437708
124       2.450171915013451e-15  5.914176206860981e-15   1.58825909871893e-15   4.23723386532993e-15  5.726952701764532e-15  2.053606515949653e-15      1.480150065700232
125       5.310433843471455e-15  5.865926271797579e-15  4.284657001324689e-15  4.898290218737929e-15  3.576969988312798e-15    4.9946374261913e-15      1.206679959079238
126       4.532302513054656e-15  2.664965667540974e-16  7.758273164507856e-15  1.801336925209948e-15  9.791844484218576e-16  4.587936069606617e-15      1.669829607805179
127       1.296271211351035e-15  2.432392814176125e-15  9.931405167927897e-15  9.278406247543562e-15  1.399361694215107e-15  5.513325872622107e-15      1.440859540461179
128       2.351531241528283e-15  8.979284818393774e-15  8.247972311958955e-15  8.731576558587593e-15   8.59079600114014e-15  4.880831513433445e-15      1.220999042584673
129       3.283124578734885e-16  4.156812821547181e-15  8.612270473846444e-15   9.43322047814647e-15  1.793648431016958e-15  4.725321860163346e-15      1.741959552892278
130       7.827081732446341e-15  6.744900682400638e-15  2.755629931895359e-15  7.355991928012394e-15   5.84866775562344e-16   9.93433584907169e-16      1.379749865972296
131       5.051469263979179e-15  6.891779973325289e-15  1.744867457162866e-15  9.338228963170416e-15  1.167703453222522e-17  5.332465137920252e-15      1.940466087140105
132       5.944443579815322e-15  7.421218366560574e-15  4.906873439389578e-15  5.218096501014406e-15  6.730485652928142e-15  7.018446481200099e-15     0.9199738805583608
133       6.589232786516623e-15  7.124488689264801e-15  7.342700060577959e-15  2.414765238523088e-15  1.750183272941751e-15   7.37001223396947e-15      1.452226017374166
134       8.938952511481527e-15  4.998333710821433e-15  2.711524856934595e-15   6.73295648630438e-15  5.648842664765527e-15  6.545481125258535e-15      1.955745010322131
135       6.864940872871954e-16  9.867646928073561e-15  2.261794471216106e-15  6.300039472655867e-15  2.102495093766784e-15  8.614246075564574e-15      1.962784145502266
136       3.581610952392638e-15  6.173316580473859e-15   1.14195609016725e-16  5.165351709547304e-15   3.96149483664782e-15  9.736947442863524e-15      1.213306669112983
137       3.032496927988945e-16  2.096278849991042e-15  9.367896925314094e-15  6.679140934613371e-15  3.096298141040282e-15  7.819406049971568e-15      1.832998254792641
138       7.846803685322065e-15  1.342283845873197e-15  7.881575577397425e-15  2.019502605779296e-15  8.537547195557432e-16  1.110003008584174e-15     0.8981373437554925
139       4.306958995827451e-15  5.356894633752771e-15  8.393067475782732e-15  6.478657605477142e-15  7.126150210301544e-15  9.505599910698037e-15      1.311000191854863
140       4.123550629773959e-15  3.921315366861001e-15  5.761809818377862e-15   6.36374905939864e-15  7.183711001535609e-15  5.718598693693024e-15     0.6216706217850035
141       5.373361230206029e-15  4.829427683528539e-15  7.803958647060188e-15  2.281642625944198e-15  6.344088185899525e-15  2.093150610771029e-15       0.72281690420627
142       1.275606604848297e-15   3.25348982099594e-15  7.203288717978788e-15  7.785281436473718e-16  5.277701390443795e-15   8.57323841252653e-15      1.396910426010578
143       9.315524743879051e-15  8.531917552779346e-15  1.675888673318463e-15  4.955658847340808e-15  9.055990980409964e-15  5.539692162907301e-15     0.9573746227139692
144       3.673203604290462e-15  7.410068388170174e-15  1.800258009968372e-15  5.646463538330678e-15  8.696063288838725e-15  3.226491082387072e-15      1.603454804155122
145       1.648311317880738e-15  1.414302771273686e-15  6.877437953723731e-15  1.440493486778523e-15   6.67318271017873e-15   6.29615433409887e-15      1.913269715088439
146       4.758780463324587e-15  8.484354782562751e-15  3.826986011976431e-17  3.398376931590144e-15  7.753797075566291e-15  9.175855949190793e-15      1.420994953534236
147       3.625422092652268e-15  3.769660505682649e-16  6.332921527501592e-16  8.372364010613445e-15  6.263334994622259e-15  7.788812589329872e-16      1.486533954794175
148       8.118190852039608e-15  1.819855804336041e-15  7.079491058860661e-15   7.78898107002627e-15  3.912597534049954e-15  1.530163068626557e-15     0.6817327793342268
149       5.931714767181682e-15  7.249826725994557e-15  3.695183522258515e-15  9.835018284177723e-15  2.831715415711491e-15  5.095266984907943e-15      1.887977667239726
150       5.633014683320348e-15    4.0565382153682e-15   1.78078927321429e-15  9.101930145422933e-15  1.050359022145763e-15  6.587495761113576e-15     0.5659837213113357
151       1.567561463128066e-15  3.179957621606982e-16  9.349889981524215e-15  6.349110910240217e-15  8.495662569926922e-15  5.655615008170809e-15      1.307763351493425
152       8.093200266161044e-15  8.077105305265775e-15  6.845692960150905e-15  7.625451569242657e-15   3.83530850926426e-15  8.774929987932698e-15      1.704277715615776
153       5.799584373561861e-15  3.745083855987982e-15   3.83851828742109e-15  5.445274186415774e-15  4.379555246844984e-15  4.719794671874069e-15     0.8024773692318363
154       9.854769851031557e-16  6.587625402791449e-15  1.450806396246043e-15  7.435151691519339e-16  4.665459860806347e-15  3.386313257846852e-15     0.6478690589920513
155       3.258678587416022e-15  4.709997700702641e-15  5.131527835483089e-15  5.593724151819421e-15    5.8290298855389e-15  2.197106622104127e-15      1.711226525012322
156       2.072768391465223e-15  3.278298626717179e-15  3.614371843991896e-15  9.902432521102812e-15  4.025574191373567e-15   3.41427491033946e-15     0.6883099460979102
157       5.067142632258261e-15  2.074875461619645e-15  2.235660953981743e-15    3.4184511669543e-15  2.010181267061054e-15  6.632053129971844e-15       1.54821962150607
158       4.330695223730187e-15  6.764010163602763e-15  8.437524797839151e-15  5.491774744361205e-15  5.051469395890099e-15  7.554706269467759e-15     0.7055054930386742
159       2.309887409014572e-15   3.19284957049249e-15  3.503092836947329e-15  1.482932400480118e-15  4.775625059720543e-15  7.914514282680651e-15     0.5910096546578716
160       7.252377913074532e-15  5.411707563687542e-15  5.074334579523282e-15  5.654941077918563e-16  3.375087274335021e-15  3.446073897979551e-15     0.9895872675636098
161       2.432012552634033e-15  9.826569236378584e-15  8.656062921398655e-15  3.629716469136141e-15  4.138549631670521e-16   8.22005183049979e-15      1.600730784838658
162       1.467637223308213e-15  8.532429624032873e-16  2.831229351428369e-15  3.259974633035762e-15  4.352680899363229e-15  4.618963574339951e-15     0.8446577338020643
163       5.385977032446905e-15  3.043261524199153e-15  1.693920191043468e-15  1.891068537988416e-15  5.101963527778658e-15  2.387710840886706e-15      1.821648245815652
164       4.600779722806645e-15  5.291034084577502e-15  6.223348541514199e-15  8.825826043281812e-15  4.444995437285752e-16  7.753796089796949e-15      1.360341724935503
165       4.468645854734206e-15  1.364339970486696e-15  6.560076213938908e-15  5.633551093630325e-15  1.838681081467752e-15   1.36815805354262e-15     0.7026392495993146
166       4.057501569689098e-15  3.670315030331267e-15  5.034230276849328e-15  3.099730281894878e-15   7.15636105899404e-15  4.294975811527544e-16      1.695408232868049
167        7.45431549714971e-15   3.46947303116894e-15  3.985560900583717e-15  2.157017759793433e-15  3.520432712489912e-15  1.148230978038616e-15      1.998086509077329
168       3.362002027479958e-15  1.079370623850452e-15  1.130024437442303e-15  8.265354702272441e-15  1.350326547137461e-15  9.846232622084507e-15     0.9002029055893165
169       9.756676602383734e-15  6.196581684717435e-15   3.42447647094969e-16  6.175818838519858e-15  3.123540102936206e-15  5.243497253095537e-15     0.5726223897661972
170       6.534789638524053e-15  2.192402610459189e-15  2.192923346213306e-15  5.815049127794556e-15  6.897816447177769e-15  7.450672576486915e-15      1.607421339019444
171       5.667807567793597e-15   1.38378319185704e-15  8.637982681969717e-15  2.896572693196384e-15  2.225494700388187e-15   5.00861342270383e-16      1.371988102785865
172       3.929371563275057e-15  8.204846249436397e-15  4.591192440866573e-15  9.781964841916028e-15  2.754522032738062e-16  9.804107529522132e-15      1.724492899512601
173         1.0020636428832e-15   1.24500081374173e-16    1.6300324065343e-15  6.006389576015432e-15  7.695588036155397e-15  7.066135252074646e-16      1.778681531407579
174       6.168080582261872e-15  4.847564846778168e-15  8.577671127702557e-15  2.864643584474706e-15  2.259741435116374e-15  6.803988796936493e-15     0.5363884644275041
175       5.404620251905702e-15  8.563199433072119e-15  4.925866149730528e-15  2.637121534947806e-15  4.308379323316184e-15  9.404404955460322e-15      1.017523213759945
176       6.825093194095876e-15  4.184764189676711e-15  3.941837066807721e-15  3.533374382498896e-15  8.771288902783156e-15  9.862702482555863e-15     0.8096852397622414
177        7.81432279962992e-15  5.997434055432284e-16  4.854390594346979e-15  6.193539509112915e-16  1.416253312250173e-16  6.704725835676813e-15      1.387690226006823
178       1.495252040045122e-15  2.761569803620093e-15   8.47805744939466e-15  1.676773098063521e-15  4.987980183390759e-15  2.013988676891267e-15     0.7836442048934525
179       3.621332936002376e-17  2.311302515862663e-17  2.940477493617053e-16  9.211596982710863e-15  5.244058275312952e-15  8.425296198680769e-15      1.533105784852188
180       3.733428753640373e-15  7.375019889033244e-15  8.527838937413445e-15  9.543723648298335e-15  3.253784986057506e-15   6.41440901557597e-15     0.5891548414343081
181       9.945908347299577e-15   1.91753963711503e-15  8.922760020909317e-15   2.42513961278721e-15  8.084004640644986e-15  2.769251034903621e-15     0.6254722726633215
182       7.684382574902032e-15  9.233995361098199e-15  2.993322316068516e-15  9.404128793038223e-15  3.733120382480232e-15  4.622599301355695e-15      1.870132545188229
183       6.757447998423108e-15  8.423299361993733e-15  3.538010223350634e-15  2.232351853620257e-15  6.041973631327897e-15   1.93267771726855e-15     0.7170638726250598
184       3.470575515851051e-15  4.200828868435682e-16  2.071890087051789e-15  3.702482806371735e-15  4.544825128029169e-15  8.140094317800018e-15     0.7489401796145245
185       4.983750878279925e-15  7.987384769132389e-15  7.156437697406084e-15   1.35305948419528e-15  9.547098439973985e-15  4.023746447398623e-15      1.678563231427854
186       4.368029948864922e-15  8.764907891251142e-15  1.407370255399809e-15  2.551010733836501e-15  9.178082258074431e-15  8.866111154866031e-15      1.637408379049295
187       8.155426155247634e-15  9.584156492454294e-15  9.523230005366188e-15  7.122414123245752e-15  5.850735033402599e-15  2.492877966398046e-15      1.996135204000745
188        7.31966658625392e-16  3.563841582024431e-15  1.547344216960969e-15  7.264221345616214e-15  3.170382300169194e-15  6.068840849960954e-15      1.826207543941884
189       4.942905430684956e-15   3.33011276796215e-15  9.707943281405963e-15  4.471534975887693e-15  7.464272333351385e-15  5.170520396310644e-15     0.9988930785046229
190       1.667125458785125e-15   6.67712597180626e-15  4.045507076013467e-15  4.598684781455492e-15  6.639503057662768e-15  5.730443423416694e-16      1.164111443490544
191       7.649516724602875e-15  9.024704769916199e-15  4.747541197340377e-15   1.78725298152566e-15   7.27310584281412e-15  6.146461188232842e-15     0.6732017638508954
192       4.418622623913187e-15  9.432135743217438e-15  6.446452252917232e-15  5.264741785762112e-15  3.498743946314419e-15  5.666403511712786e-15      1.081058039034794
193       4.653387783346963e-15  7.647308632490389e-15  8.289679748769951e-15  1.533138049699352e-15  6.964109900708268e-15  6.534817130356186e-15     0.8244750661664348
194       8.688827183270982e-15  7.882535645372914e-15  1.178635517337348e-15  4.107103549975438e-15  9.837185112762751e-15  5.917112795365034e-15       1.77088216676471
195       9.672850065028084e-15   7.95801972521208e-15  9.214566482540619e-15  2.853951554368672e-15  3.180737172918724e-15  6.341233570006891e-15       1.67442509393088
196       5.521039337685836e-15  4.374175966950376e-16  9.441158897150114e-15   7.69551241879404e-15  1.929571585926908e-15  3.693912743287789e-15      1.153612607371207
197       4.651995979006676e-16  3.893920989114688e-16  3.159628386909874e-15  4.076999808626533e-15  6.109298008129399e-15  4.118010078337836e-15      1.681127734068637
198       3.144040896653501e-15  8.360220806675435e-15  7.623194711430532e-15  4.967841437574947e-15  2.396960280553044e-15  8.169143217213126e-15     0.6771653507264521
199       8.314888812399276e-15  2.319499500036926e-15  1.227702760709826e-15  1.855974740941932e-16  6.890142007914097e-16  7.131138551395977e-15      1.367954893410369
200       1.721761693253938e-15  5.399481018995271e-15   2.52858563581476e-15  3.192885326980432e-15   3.87080540317045e-16  7.381481529346357e-15      1.636721896163152
201       3.324413635711859e-15  5.470409713532703e-15  2.661007709015814e-15  1.063407036509579e-15  9.493607956859961e-15  5.746481768436745e-15      1.835840509667105
202        2.54242276710417e-15  2.728632665626107e-15  6.886774339268407e-15   9.59192096025793e-15  1.101293885821681e-15  3.316218830950248e-15     0.9854054964552932
203        3.81859157786251e-15   2.11977125420175e-15  5.196305611979565e-15  3.612319199556014e-15  8.307387739194423e-15  5.855915918923427e-15     0.5429085123872657
204       2.798231716571328e-15  4.212996114625484e-15  5.326967021508981e-15  3.937154282867231e-15  6.093466984719253e-15  9.313147357971032e-15      1.496712323162484
205       6.490344692259674e-15  6.340088385507473e-15  1.832543532474936e-15  4.501977073691526e-15   1.30264630607944e-15  3.537542213096288e-15     0.9301155339713167
206       3.090518890265439e-15  4.687531712504556e-16  7.004928096814698e-15  6.616625165938384e-15  3.850081962351853e-15  5.850410787214532e-16      0.670771277316036
207       4.510136857279608e-15  2.322526899389891e-15  6.554134098081015e-15  5.079067351174371e-15   4.65958771573497e-15  4.283187623533968e-15        1.0219903692524
208       7.435191756571258e-15  5.657678120574913e-15  3.276330766914387e-15  5.238559298215963e-15  5.922335350240286e-15  9.000557239678396e-15      1.529126376589751
209       5.089733686300646e-15  9.209360826507327e-15  1.269969018301328e-15  9.670296646082666e-16  9.364168481180009e-15  2.443149240935058e-15      1.526794659721439
210       2.742378182740797e-15   3.99934539471773e-15   5.33904527528475e-16  3.451968651451621e-15  5.238746213688486e-15  3.277664678347901e-15      1.076923190506406
211       9.966122418362878e-15  6.226970635155542e-15  9.574844845821966e-15  7.924122781469437e-15  7.959344795613225e-15  8.662611701683796e-15      1.398909753883968
212       7.950334328297657e-15  1.410052290901035e-16  9.600335599894295e-15  6.837313134242674e-15  2.031750727929772e-15  7.588057776707501e-15      1.713573461193721
213       8.182428970401738e-15  4.530616276961802e-15  5.206036143613868e-15  8.932652170062792e-15  6.605149458060382e-16  6.467114179066662e-15       1.29041454163347
214       9.114980355441141e-15  1.242096008258261e-15  1.770604258029833e-15  6.894633042009098e-15  9.019714268838574e-15  4.266894691813671e-15      1.736143763926262
215       6.725990005747874e-15  4.433634363795143e-15  4.633336961518634e-15  6.704555785144633e-15  4.615392599150954e-15  5.925020643367392e-15      1.960011427129169
216       8.989315677570089e-15  7.913585419362704e-15  5.991245739607521e-16  5.927299845829692e-15  6.217323055248827e-15  6.918609539689412e-15      1.325881275546943
217       8.751766935826684e-15  7.685964945996136e-15  6.819660854144417e-15  5.784744424406094e-15  7.894853478453042e-15  7.506102038227798e-15     0.6167073810093442
218       2.254646529599845e-15  7.261259650853863e-17  8.510232262295775e-16  9.858680902986048e-15  3.934069853522062e-15  9.899283135009086e-15       1.33747342696577
219        1.88302938596635e-15  7.239179173450259e-15  5.926964510433512e-15  1.989197458979694e-15  6.186158413561134e-15  9.684784608513369e-15      1.777370940284326
220       3.029704580017454e-15  6.611681346601006e-15  1.528796053533796e-15  1.717693020012832e-15  1.991557151853083e-15  5.430298455958848e-15      1.895793935498268
221       6.102798631365879e-15   8.81679548254031e-15   4.20336500250433e-15  7.889538027085897e-15   7.32876020783038e-16  5.044295443417769e-15      1.063048666413072
222       9.511778875762555e-15  8.255547289849682e-15  9.465352864080088e-15  6.584328720627654e-15  2.420503448899148e-15  7.209244117988426e-15      1.093163472078188
223       7.338041985652842e-15  3.542684586341489e-15   6.58352823960538e-15  7.174974398633563e-15  8.832135441976121e-15  3.908342701942109e-15     0.5079620599158935
224       3.709586773619541e-15  5.613581285916954e-15  9.333441614554986e-15  2.482268689422429e-15  3.274906176933318e-15  1.801690760511576e-15      1.810620696141709
225        2.20886110115137e-15  9.365017706707012e-15  3.165026379902834e-15   1.82737862762758e-15  8.470732326408062e-15  4.560036955674501e-15      1.336050606143474
226       7.577647512952266e-15  4.509967031981965e-15  8.139738684162103e-15  9.659011696399288e-15  6.138724681247585e-15  3.371342300562626e-15      1.617144696774842
227       5.513126876911558e-15  5.263104248973059e-15  1.848434768849237e-15  8.319269586876633e-15  5.213420982726762e-15  2.627552628536865e-15      1.119026007076137
228       3.965185001515097e-15  6.816317546642598e-15  8.078977248061641e-15  3.424972806397515e-15   2.65237122673902e-15  2.505870799608248e-15      1.538438541620849
229       2.707615119160838e-15  8.002673147113956e-15  4.402160769933394e-15  9.602043896961427e-15   5.43831090577071e-15  2.067771453302503e-16      1.904647766299583
230       9.055832240021005e-15  5.018725129207274e-16  5.822994109540064e-15  3.227802487828804e-15  8.723824937517829e-15  6.059159050096689e-15     0.6942738786005094
231       2.629741736258738e-15  4.741924577534753e-15  3.587656035413302e-15  6.740623213468419e-15  6.562840985415412e-15   1.11938260444746e-16      1.241037184686068
232       2.236411902306437e-15  6.821922211769293e-15  5.257828068178254e-15  7.778788953198196e-15   6.50618101732787e-15  8.742146084997795e-15       1.80318545476862
233        1.02285971784088e-15  6.925091480277081e-15  9.242696160137553e-15   4.18465917244226e-15  3.995356659115734e-15  2.211932105039096e-15      1.111838345133226
234       5.871172759847509e-15  1.717447238337816e-15  1.491128118734293e-15  1.283285460462106e-15   4.09945629856978e-15  2.935474217975623e-15     0.9950546771203652
235       4.222306563885448e-15  3.200231749308657e-15  9.012148531998786e-15  9.220240904537905e-15  9.211915976615045e-15  6.777684708128089e-15       1.84900080751431
236       6.793529366390983e-15  5.985166345875079e-15  3.473111623576791e-15  6.159208292607264e-15  2.856235231538693e-15  5.953395703698661e-15      1.323513963417141
237       4.864202885695739e-15  9.134701316066066e-15  6.834194162552581e-15  2.466518736179432e-15  3.421380942757279e-15  3.091527272388433e-16      1.948653086861177
238        2.27748673589607e-15   5.54963570932789e-15  1.288390916804864e-15  7.112310168740634e-15  9.809937856910978e-15  8.489581456793697e-15     0.9143268339630162
239       5.765194318933194e-15  4.114505074248541e-15  2.413636275885759e-15  2.526159643581847e-15  7.611532342247978e-15  6.820368015799354e-15     0.5123738928463392
240       7.969025041475115e-15  3.413384067600335e-15  6.911234484903978e-16  7.870538834717915e-15  9.060166282917952e-15  5.891604444699433e-15      1.859476654030242
241       7.889086643323134e-15  7.543644815784107e-15  4.164705395520504e-15  9.701760117153545e-15  6.173195321124204e-15  2.830204707447248e-15      1.541831639077399
242         1.5900052277854e-15   6.30914996918582e-15  1.068890041064805e-15  5.564282720665885e-15  1.461015893604219e-15  3.604010038004163e-15      1.731804252145103
243       7.787213932674184e-15  4.805297096974637e-15  6.732151391019068e-15  8.660850974183081e-15   7.38212789415109e-15  4.803264081609433e-15      0.772158335041123
244       8.849839629309067e-15  6.553438592173842e-15  4.388677710343337e-15  3.153439337819417e-15  1.037071891210532e-15  8.727397987088423e-15     0.7973145689226993
245        9.43367559855463e-15  4.600227217934892e-15  1.607213401296462e-16  3.765796902641047e-15  9.655978952050806e-15  3.765325124027991e-15      1.106353535585546
246       8.640805655422092e-15  8.164343988765234e-15  1.881080877718522e-15  4.976634820768881e-16  5.877642876314694e-15  3.754750542377566e-15      1.393400975102223
247       5.887987383752741e-15  6.536945941279055e-15  2.099177794085367e-15  2.041719144981425e-15  8.429281991331602e-15  7.845466543691416e-15      1.659786605116427
248       1.605845683989749e-15  6.715703404865334e-15  1.897526351634225e-16  2.110626316603652e-15  9.597702772599074e-15  4.219408028846605e-15       1.07225430959074
249       9.929755208103757e-15  1.830589273957079e-15   6.12266226788932e-15  9.880202928134921e-15  5.598297774833674e-15  6.421671244165709e-15      1.871613834565459
250        6.61162758399733e-15  7.293626673179308e-15   2.28020449412132e-15  2.443435921254932e-15  5.668310349091153e-15  3.712979005037357e-15      1.134826114694893
251       1.185519493137768e-15  3.445055808780821e-15  8.853271962699585e-15  1.010901579167823e-15  1.872960664875885e-15  8.796889415704686e-15      1.783661884950021
252        7.05722060530304e-17  3.484968880614281e-15  5.646050187634484e-15  8.154874861801681e-15  1.770185024650766e-16  8.112593985214242e-15      0.745276861118279
253       7.319911387222898e-15  7.773649972948373e-15  7.455724932471438e-15  7.975053806520833e-15  4.750501598481571e-15  2.241214921310959e-16      1.232522808948635
254       3.048771822783581e-15  3.780318410068901e-15  4.026810580021218e-15  2.098750970559972e-15  4.210661200509463e-15   1.83005465681374e-16       1.37713531758646
255       4.852676371950827e-15   3.00611596164565e-15   6.03935479749694e-15  5.885483955126114e-15  1.086606992902733e-15  4.410381946056906e-15     0.5320910651769613
256       9.172586126698543e-15  9.167960571180806e-15  2.612036331682798e-15   4.56073223753556e-15  3.338695926337577e-15  1.683235829433239e-15      1.432167176904678
257       5.464400748425272e-15  8.224620335596595e-16  8.374609061735459e-15  4.299085263098666e-15  2.483802101240713e-16  4.336221166863487e-15      1.132325125685737
258        9.49832245556047e-15  9.806925887831541e-15  2.907814357845499e-15  2.658983540897699e-15  5.534478236975426e-15  1.225223763785624e-15      1.555244572276532
259        3.23517352415311e-15  4.908061429148033e-15  2.810563853678502e-15  8.023597173636831e-15  6.532247410394365e-15  6.261302148178433e-15     0.5213317070941715
260       7.981074856662419e-16  8.908002319258094e-15  4.325182116839232e-15  8.414606867487503e-15  6.708910493421583e-15  7.305683161496618e-15      1.926256434974669
261       6.551215145542123e-15  4.464428013390912e-16   2.00594059882103e-15   7.29191644298152e-17  5.394410806870466e-15  8.981852433125122e-15      1.844147100178995
262       2.518358772420472e-15  8.336168384165887e-15  6.634465479309284e-15  2.192059671048244e-15  6.038258323891135e-15  8.975979773306788e-15      1.250811812541285
263       3.387361984614466e-15   4.33072535887489e-15  2.056544490117578e-15   6.45578625934347e-15  7.556175371023538e-16  4.221350011517168e-15      1.565867019731487
264        1.80695537339619e-15  4.237899316543298e-15   7.99443898660762e-15  6.848593835074254e-15   5.79387514287745e-15   1.88543280450001e-15      0.812052511861963
265       7.669815632304364e-15  2.934923105353479e-16   8.86202319335405e-15  1.089883659070925e-15  1.494073710403128e-15  7.113355524649664e-15      1.756048752506596
266       2.526226858052369e-15  5.569838996287568e-15  6.407011583890287e-15  2.160434401187328e-15  3.435337877394376e-17  4.091597224142662e-15      1.113729738716516
267       8.944027788721613e-15  1.894793027820605e-15  3.917153040911223e-15  7.503212440776905e-15  5.023325448989197e-15  4.856238470090231e-15     0.7773080936885229
268       6.857127566130711e-15  8.931355518007429e-15  7.962349704194686e-15  2.955856734315313e-15  4.293829041571453e-15  8.161066986239332e-16     0.6283972682837458
269       2.879190193545787e-15  5.111583086252607e-15  5.798970006717098e-15  6.920069302594407e-15  9.353602848502157e-15  1.304993598627892e-15     0.7890535895406281
270       6.431161763164915e-15  9.740690333603441e-15  4.814627999164467e-16  8.366593640137501e-16  7.854766950649729e-15  2.954592993941636e-15     0.8819475763907503
271       8.791909269951491e-15  1.084514314522711e-15  9.129192078482538e-15  5.336574244020752e-15  4.458262784611022e-15  8.951465409308497e-15      1.261136553045391
272       2.017514112078112e-16  9.397388245720108e-15   6.70573746534537e-15   7.18903649350272e-15  8.014476937286688e-15  5.390519714398542e-15      1.424636820588601
273       8.586768968684006e-15  8.475688707006717e-15  4.566371039253319e-15  1.438115276332979e-15  2.343576751283615e-15  3.433157627577595e-15        1.9505737798887
274        1.36710243281923e-15  6.484624244301141e-16  8.016816815250045e-15  5.384460895217493e-15  9.315934430152378e-15  3.857494080835295e-16      1.347994405536638
275       9.654921313815379e-15  8.262611337090822e-15  7.689602630263704e-15  2.212114699449959e-16  2.665299494443449e-15  4.364741998073396e-15      1.049112278288182
276       2.143530201246458e-15  5.598411147269739e-15  9.630654560663711e-15  7.360298679147252e-15  9.626803951591489e-15  7.425040817658801e-15     0.8609876704619701
277       7.502503825378946e-15  3.959455464058355e-15  8.099550513396259e-16  4.002514594401567e-16  9.927976266499589e-17  8.386114215886375e-15     0.8085981657249209
278       1.340772279731531e-15  7.728548678997651e-15  3.741149217847906e-15  1.958753873922943e-15  6.772534390376845e-15  4.664028012996777e-15     0.9640019810669649
279       2.819114825666386e-15  5.847918219709586e-15  4.607159223134655e-15  7.583521970662242e-15  6.915866845777733e-15  6.221563944117109e-15      1.033636365451025
280       5.486667292152944e-15  2.450441193016184e-15  6.537598652668997e-15  6.647796295799271e-15  6.692776021036501e-15  2.574948392420898e-15      1.116290407421848
281       5.012788762733714e-15  7.742637185547092e-15  4.375268957774402e-15  9.054165991310136e-15  4.570801096468201e-15  8.827732178202664e-16      1.044908741166079
282       7.112185948656187e-15  2.514089056568246e-16  9.283667091649518e-15  7.833736331547893e-15  6.653343708323624e-15  8.081734013516802e-15      1.720722626356374
283       6.515112047252792e-15  6.017597369303621e-15  9.048005769615038e-15  4.532591614824151e-16  1.216582341542465e-15  5.129540161489825e-15     0.6501928830809764
284       2.600739274972585e-15  2.640869311227607e-15  6.665954172695516e-17  8.623055285958405e-15  8.888712014731244e-15  9.542663680418057e-15       1.46631450691783
285       9.917462241836973e-15  7.459179136088531e-15  8.744019042641554e-15  8.985500214549369e-15  2.070486657040161e-15  7.495834551551871e-15     0.7394831321624322
286       9.714419741205038e-16  4.078293600140239e-15  9.417619685425325e-15  9.476859640866977e-15  7.361520936954155e-15  3.144579484212451e-15     0.8304955357836528
287       7.718557960111463e-15  8.512428386666023e-15  7.433115762932441e-16  3.728466486877677e-15  1.964026486546239e-15  5.346140991569272e-15     0.5820675475426068
288       6.809304168908955e-15   7.58266754571962e-15  7.785920274971955e-15  8.776440602083103e-15  3.861846499856995e-15  5.624663519498773e-15     0.8792327917256011
289       3.885198144348413e-15  7.620893996548024e-15  8.458340047844297e-15  3.000552479245399e-15  8.150874908329136e-15  9.471143948424527e-15     0.9729668505384934
290        6.32183415064146e-15  1.551359701863122e-15  7.179530187918638e-15  1.570522047950465e-15  9.950275665417122e-15  1.473035222629057e-15       1.10390638844501
291       7.067721191183399e-16  6.624572829250811e-16  3.217280456483167e-15  6.059945521779106e-15  4.945536782074893e-15  1.402747809583932e-15     0.7343945971973501
292       5.598531276774444e-15  9.448555212214798e-15  6.111635669184797e-15  7.957810986939576e-15  3.777277034679141e-15  3.337046670997735e-15     0.6049783640771437
293       3.199479915604448e-15  8.105538136220395e-15  7.413220900134606e-15  1.587842798237901e-15  9.330038708451217e-15  2.475189522047773e-15      1.578621380324047
294       8.423827195684252e-15  4.486485903972483e-15  4.494528850524145e-15  8.355670910404375e-15  5.883173404611465e-15  6.022384158035067e-15      1.865024870099621
295       7.865094933331293e-15  5.735568286299572e-15  7.767915264246815e-15  7.400425922775643e-15  2.688078290564751e-15  7.716618617221962e-15      1.593659165579984
296       8.348678255971966e-15  8.304530634072892e-15  2.872999013690431e-15  2.728282150770051e-15  4.596855911980846e-15  6.883290213329998e-15     0.8541050748105388
297       5.224635902946628e-15  7.877469766539305e-15  7.257656293430924e-15  5.831951912287758e-15  2.754937030958547e-15  5.413978877787456e-15     0.6764099877853226
298       9.253623663603921e-15  8.898326766443971e-15  3.013710561865774e-15  9.445229121563372e-15  7.874561897057061e-15   9.38985575822894e-15      1.146716240436688
299       7.742915841990065e-15  4.008237814440163e-15  8.957460640084624e-15  9.380215454739376e-15  3.787093900037594e-16   6.11621439925052e-15      0.762478042820909
300       1.256302639884277e-15  6.468759387369379e-15   7.23722708810162e-15  8.457756264105544e-15  2.705458491151588e-15  1.034529750404595e-15     0.9404345079729233
301        7.76701994626547e-16  7.843863504055556e-15  4.796632240237832e-15  8.510297014696487e-15  4.164887193301433e-15  9.744365473425712e-15      1.683503636148632
302       6.309169688436439e-16  3.535941326914317e-16  6.907995068878083e-15  8.295748577704464e-15  5.072894352347081e-15  3.217351637977304e-15      1.390334977392869
303       3.527334500638596e-16  5.036893918540747e-15  5.751527451312864e-15  1.267096173550065e-15  7.582248167191756e-15  2.730570587797202e-15     0.6353650185435914
304       7.072497218120594e-15  5.039801658759045e-17  4.063834240128074e-15  3.651789277227222e-15  4.423406553911899e-15  5.788877678680371e-15     0.6328555020051286
305       7.124056481328993e-15  7.274440423345899e-15  4.551316514324468e-16  2.926070072630363e-15  1.375669707046208e-15  8.585963888171662e-15      1.559780548134167
306       3.407343264637406e-15  1.112461691417998e-15  6.985083289973174e-15  9.073214950394878e-15  5.122701860429823e-16  3.335764524470583e-16     0.8155944941279893
307       8.481227716731246e-15  1.605197590716486e-15  6.512894162454195e-15  3.982012615944413e-15  6.467586293480538e-15  5.012046863321301e-15     0.9275463549822001
308       9.462426237679241e-15  6.379848820134094e-15  4.649599204400125e-15  2.570090121045779e-15  2.154641779836609e-15  6.687603659135553e-15       1.78466138164781
309       5.439824546314225e-15  1.173840825493332e-15  4.307579699547003e-15  4.770951573219964e-15  9.158236489480097e-15   1.56238692551516e-15      1.273901685916329
310       9.378973425027596e-15  6.958627442748943e-15  6.070185778441849e-15  8.657658941595668e-15  7.499141281268505e-15  5.834287747138196e-15      1.640034001190139
311       5.699148456750283e-15   1.30734534013762e-15  5.057516124656999e-15  4.445318368871089e-15  9.469859166006881e-15  9.983803433530017e-15       1.62496914115368
312       2.825787370963396e-15  7.343134902705528e-15   6.77108958349694e-15  7.388685658291634e-15   9.69416488569794e-15  1.002183147457835e-15      1.057624376960565
313       3.908228653852969e-15  7.190246181623075e-15   6.31543290739005e-15  5.059532676412577e-15  9.757773677679186e-15  2.867225057471134e-15     0.7917744401883784
314        6.31676956350283e-15  5.440042118753765e-15  5.401778156425265e-15  8.200137861391585e-15   6.40945472738705e-15  9.331450430480605e-15      0.993901492576751
315       7.366862191781096e-15  1.675952679908192e-15   2.68479075346215e-15  2.063547159565166e-15  1.588814590533632e-15  8.293199260635618e-15      1.303709236802739
316       1.943292670793475e-15   3.60234560290598e-15  8.827062422133096e-15  4.646955276995466e-15   9.87064364460292e-15  1.176197196426459e-15      0.780907349477739
317       6.093403197221907e-15  2.276672082655554e-15  3.668353089159937e-15  2.612831568940866e-15  2.903912765202759e-15  8.347149226401375e-15      1.503396491379039
318       4.775362222183759e-15  3.159762674449198e-15  3.051480014597725e-15  1.755682702115861e-15  5.990827094048503e-15  4.255053308231112e-15      1.202711641094344
319       8.830491270296834e-15  9.474892089567605e-16  1.610044743558613e-15  5.105260478328489e-15  8.844526150113308e-15   1.29404739659871e-15     0.9449576496629989
320       2.122814212987629e-15  4.721874289474184e-15  9.890700976468698e-15  8.425763553322416e-15  6.457430798609994e-15  9.793409216512809e-15     0.7499091506960367
321       7.196278076101108e-15  2.618271149791399e-15  4.257681861173423e-15  7.145980076142329e-15  2.578937075960873e-15  7.027047973501062e-15      0.684469224767791
322       4.242238016064344e-15   3.52195653450406e-15  3.121986840710515e-15  9.868296918380938e-15  3.002084072842567e-15  5.445220887821532e-15     0.5182442241252192
323       7.522917502103131e-15  7.015768407126946e-15  6.954152117014231e-15  2.245531835120557e-15  4.278239700625891e-15  1.388064154397446e-15      1.219052944186078
324       7.541223081936282e-15  4.666236244850191e-15  7.562686268577205e-15  3.136483830363329e-15  6.328477545818958e-15    9.4382299301203e-15      1.128425774368772
325       2.589835459832154e-15  6.695649661515582e-15  4.543627971807188e-15   8.91784112264101e-15  2.774371902624766e-15  1.965406284815924e-15      1.226887531054065
326       8.139348345245019e-15  3.731024758355224e-15  1.726339374354211e-15  3.040250322498408e-15   2.37590188524142e-15  2.176360193986815e-15      1.491592998080989
327       5.576191752220405e-15  8.395791556531451e-15  5.444309594067395e-15  2.364202252601631e-15  7.928703750753246e-15  3.136232712035016e-15      1.268203268341039
328       3.502208017224605e-15  6.975605009022021e-15  2.935810519813018e-15  4.832421943039611e-15  1.945346513979304e-15   3.88937680489355e-15      1.572333979538135
329       4.817205551127126e-15  4.096593329302551e-15  4.349329138553136e-16  5.904206082078631e-15  2.611808576202041e-15   2.59036000164047e-15      1.647226963576216
330       7.495879655968588e-15  7.538266867763005e-15  3.187102705954374e-15  9.517158647864385e-15  9.614154459724012e-15   8.55380420006097e-16     0.7879019896961401
331        2.49967435383079e-15  8.297103579092295e-15  2.757690871524455e-16  5.957025844658624e-15  6.931528258332109e-15   9.06447021392032e-15      1.442603076320732
332       1.073017222306082e-15  2.703552701814544e-15  5.387488741671401e-15  3.881540124716156e-15   7.69733003063598e-17  2.370617804456274e-15     0.9605359168952916
333        8.98986401786488e-16  8.589442154781744e-15  9.531668319228412e-16  7.002263394904458e-15  2.486872365629404e-15  1.903779226535727e-15     0.7691857330322387
334       3.455011397263309e-15  9.936411303155583e-15   4.09863341842313e-15  5.595742958480085e-16  4.014353871096322e-15   9.12585232495073e-15      1.987020739318871
335       7.478428611974698e-15   4.36669098961188e-15   7.42141447375874e-15   1.84638906293247e-15  5.917075507127537e-15  3.563646865641934e-15     0.9877439360171086
336       4.342812497794142e-15  7.831755775592837e-15    7.3223238527198e-15  8.102442494100689e-15   6.49330361902304e-15  4.484011580375662e-15     0.8662264697353841
337       5.194280927043805e-15  8.942364528852778e-15  4.126971793288007e-15  7.711831810396039e-15  8.800409946383738e-15  9.716369834334575e-15      1.854947345765094
338       8.214112863464278e-15  4.266498900088413e-15    9.5816797019289e-15   4.00532194086315e-15  8.330377725754913e-15  3.822418603507837e-15      1.279096176756726
339       1.621081000707236e-15  4.652878412468935e-15  2.657307074516636e-15  2.301214262279672e-15   9.85688711496062e-15  5.144776595830182e-15     0.8694005039579618
340       3.727009032559719e-16  5.818217302454021e-15  5.574461063246091e-15  1.129446640190853e-15  3.688287044320564e-15  8.028569322316057e-15      0.978887749812885
341       8.440354888277627e-15  1.010121446017727e-16  8.986277958963408e-15  9.807281328407053e-15  8.864542737111219e-15  3.982319710404108e-15      1.990205440833692
342       8.388327937059514e-15  3.582111982077893e-15  8.689803786775983e-15  8.971235519506042e-16  6.312281451424754e-15  8.711253691392806e-15      1.856050910297985
343       2.393525472685036e-15  4.623555066113179e-15  8.219411164986894e-15  9.190993119726053e-15  9.264858620396214e-15   1.64257394602813e-15     0.6606489846395358
344       5.217548243298445e-15  4.971272082965642e-15  7.473778870672796e-15  9.095839147813634e-15  9.768963529851119e-15  4.537668252651398e-15      1.488296327965981
345        9.28337394707025e-15  4.131386488906562e-15  9.828429532351513e-15  4.354997228441371e-15   2.50272189498115e-15  9.927036567906072e-15     0.9683838625650704
346       1.991931816800504e-15  4.685813723092685e-15  8.226829739002158e-15  7.170282265378592e-16  7.653741565577337e-15  8.853671733482089e-15      1.465442289426493
347         8.8799759597787e-15  4.080422410002006e-18  7.935243932056437e-15  4.687806188792808e-15  2.629043858844936e-15  3.799289797410443e-15      1.688241564070607
348       4.555085354285584e-15  9.303663781725205e-16  6.665874040841062e-15  4.816773235684118e-15  7.816107871662581e-16  8.071708865957873e-15     0.5015110596457485
349       5.831715903585684e-15  4.346207691247492e-15  4.462545670170646e-15   6.48962517732739e-15   6.29364053271984e-15  4.901223435012767e-15      1.198818182685731
350       3.974854024163626e-16  1.743464630795955e-15  8.839449871231593e-16  5.400322806738179e-15   4.82791070384937e-15  3.725949027304479e-16      1.354971142139388
351       6.186685254955345e-15  6.651734673892808e-15  9.834924568899763e-16  6.092733315216964e-15  3.441147022649813e-15  9.570145070188752e-15      1.434190726765014
352       3.214857689946279e-15  5.226656489500817e-15  3.370380929677271e-15  1.390055626869202e-15  8.302876846146354e-16  1.321793078288767e-15      1.665676432399325
353       1.630582425568531e-16  7.782645097110374e-15  1.083171845834938e-15  5.664224968728846e-15  1.163895535205271e-15  5.564886044170016e-15       1.95301291919612
354        8.27050745496231e-15  6.906285889929846e-15  8.099034242921016e-15  6.130919655416961e-15  5.464876602387284e-15  7.867719319808104e-16     0.6660266590965742
355       8.669124583449696e-15  9.790189789108305e-15  8.975815695003332e-15  4.540595255245123e-15  4.686067855366594e-15  2.601621670385751e-15      1.891336825469652
356       6.656884881659931e-15  3.212241998295331e-16  1.901292715721262e-15   6.53696486272998e-16  1.246176112690918e-15  8.899545469094598e-15      1.931137691662013
357       4.487440718187045e-15  1.996148485205091e-15  1.370445067128271e-15  7.457390029557097e-15  3.668722071617694e-15  1.831947425235806e-15      1.149978236011764
358       8.007312047857186e-15  1.922395543202505e-15  3.082381687386905e-15  6.254021962289553e-15  4.716452274056323e-15  9.831778716261027e-15      1.742679908042532
359       9.531436849100448e-15  4.595132453052123e-15  3.852465745281107e-15  3.309169771235798e-15  9.920703354265882e-15  2.439462165010618e-15     0.6554669168694741
360       5.813521827304508e-15  5.338341010090566e-15  6.614924984501217e-15  7.572105203739978e-15  1.542133364251078e-15  2.716883372983357e-15     0.7737917768782376
361       4.634570154024179e-15  1.774482038240216e-15  4.194287393541831e-15  3.562119146923355e-15  4.627705055107506e-15  8.925863944597063e-15       1.76897705925022
362       4.834292776226644e-15  1.131497958095898e-15  8.103092691437944e-15  3.999894325156608e-17  3.789889827978476e-15  7.763753949964933e-15     0.7655601088170744
363       8.173888298160916e-15   2.52403515125978e-15  6.475517964584034e-15  5.342777986119338e-15    8.7993144710898e-15  1.628394882510488e-15      1.910316411102635
364        6.02923228084542e-15  2.050707681713603e-15  1.429228918160459e-15  6.434791856050295e-15  5.490862315724888e-15  5.306510128357398e-16     0.8483037328685701
365       6.137026834445624e-16  8.694827705445108e-15  3.634146082586939e-15  1.638017009886536e-15  3.031631914598189e-16  6.613029346993199e-15      1.936492783124664
366       9.208352679349737e-15  4.457130286408585e-15   3.64234671779548e-15  6.289028114723275e-15  5.324366494032358e-15  7.655485248906072e-15       1.19900093994226
367       7.154052746694374e-15  7.498332181209026e-15  4.817358941550995e-15  7.296623231318773e-16  7.232670378627707e-15  8.306362648735803e-15     0.6008228652931121
368       7.621314767233138e-15  1.053242371865932e-15   1.02583923773463e-15   7.90059625068866e-15  7.333164577413912e-15  9.376063696142501e-15     0.5851335040818166
369       4.181112024790976e-15   1.96510794911312e-16  5.863803855361122e-15   2.42060887022501e-16  7.671453622333858e-15  8.544932926946218e-15       1.02943396624622
370       1.682113357825971e-15   9.98696375174711e-15  3.256486789607893e-16  8.880633901010654e-15  8.269171224560984e-15  4.191960873140529e-15      1.586615084140435
371       6.059328907878328e-15  6.562504807467713e-15  6.052869045218611e-15  9.262732969030224e-16  6.820046133342886e-15  6.976984480341627e-15      1.645466938895744
372       6.982530471316713e-15  6.513623932886898e-15  9.655708116322286e-15  1.728390663177415e-15  9.574467444494395e-15  7.329200345980483e-15      1.793815821965194
373       9.563136783266816e-15  2.462358646611097e-15   5.77010110506408e-16  4.725622007474558e-15  6.783066530188568e-15  9.520222153016285e-15      1.140022107908286
374       5.128610950475371e-15  6.157517455314922e-15  2.354033051423804e-15   4.71638580786871e-15   7.70067360428501e-16  1.619515952123605e-15     0.5092802341205895
375       2.927980511690637e-15  5.706118850190814e-15  5.582068194430858e-15  7.807751691131903e-15  3.234336234603247e-15  2.262510505338122e-15      1.924524165923722
376        3.99596010807055e-15  9.477509966340564e-15   4.97756416869071e-15  6.515551583172787e-15  5.140635572494675e-15  9.611601728042134e-15     0.9532793682992222
377       7.039012329889539e-15  6.625062757050251e-15  9.399246935052835e-15  8.240115031126442e-15  5.455776224711971e-15   2.24690488488277e-15      1.862112143422311
378       1.555072406429295e-15  9.349991856598496e-15  9.724970767089914e-15  3.654636756431427e-16  2.417617396649995e-15  8.414867173053871e-15      1.066636205753357
379         6.4655011638499e-15  4.574899310474245e-15  5.520082392024469e-15  1.319976124056769e-15  2.923907738370557e-15  6.938832137378519e-15      1.124776307084225
380       1.454270845915316e-15  5.160710623041177e-15  8.779412452957529e-15  5.311668815814905e-16  6.541396737203263e-15  3.187698412782904e-15      1.350242046534015
381       9.681891513718449e-15  3.510434431209011e-15  1.259486953075974e-15  1.547242581200473e-15   6.94960429907822e-15  1.758868139790239e-15        1.1422177245278
382        8.07954226573965e-15  1.947987501885163e-15  7.857319417896814e-15   5.70871547109313e-15  7.419252192085982e-15  9.639012089774791e-15      1.457622114773807
383       6.237474067374456e-15  1.237192558048453e-15  9.147488248708928e-15  5.097831176749904e-15  7.011071708150219e-15  4.111336014096278e-16      1.918905020440272
384       3.101702164552365e-15  7.666860220081634e-15  4.004834159433514e-15  9.522500494008266e-15  5.130379200850643e-15   9.35661518598883e-15     0.5287724342564928
385       1.820483461761574e-15  7.301479822568512e-15  5.378981939035079e-15  4.133344792353354e-15  3.472888404508595e-15  1.129338871831443e-15     0.9067900645071734
386        1.52739705402421e-15  8.652290255849863e-15   6.27319146287162e-15  8.465919648595728e-15  5.082231596782898e-15   3.81250226575506e-15      1.361686658398149
387       4.295540523281571e-15   5.75046815611224e-15  8.266027638570808e-15  1.496206646905411e-16  8.659212330091741e-15  6.486054642005026e-15      1.796444971553952
388       2.106205584537397e-15  4.387815984702498e-15  7.387093777482492e-15  3.323114164989682e-16  5.616905283246813e-15  8.200898695480198e-15       1.51906420568535
389       1.096374920700112e-15  5.768437580594612e-15  6.668659704723749e-16  4.209766096965802e-15  2.200933067366346e-15  6.577545157201728e-16      1.817215010572335
390        2.98065207286296e-15  6.214504506545148e-15  3.394418009240149e-15  4.026452070030948e-15  3.038110729164556e-15  7.825069250127241e-15      1.179578354346295
391       5.488553948576173e-16  9.480544806864044e-15  8.268874504353743e-16  5.689049303921551e-15  6.840181670255022e-15  7.984528440935521e-15     0.6579579293710994
392        3.69285209816221e-15  4.862876813033296e-15  6.292581582826746e-15  7.843621625672744e-15  3.312721696713922e-15  8.645271257573465e-15      1.972436317693429
393       1.705643391134919e-15  2.968787915929426e-15  2.338239771782696e-15  3.499277238111607e-15  2.084787376385738e-15  7.167669128016812e-15      1.249084373421942
394       9.732466412957041e-15  8.914375325158054e-16  1.347871711530196e-16  9.752738175956381e-15  8.928022293775012e-15  1.505990715632567e-15      1.400214915846256
395       5.241563920222365e-15  5.481456835731104e-15  7.709545120694507e-16  7.047813342412001e-15  8.625234719141151e-15  6.215614020603522e-16     0.6306842839740723
396       1.991151368331462e-16  2.032047685760775e-16  9.666112458830713e-15  3.758915486923214e-15  3.952946650761238e-15  3.854392584363438e-15      1.383686990644227
397       1.163439575277172e-15  1.262417189025918e-15  7.529652001824713e-15  5.778529003402923e-15  9.081069225231512e-15  3.513536518988731e-15      1.445572375544551
398       4.790885131238953e-15  9.716578267241395e-15  7.601884815976022e-15  6.229133114271581e-15  7.819917721770198e-15   1.43929428383869e-15      0.607152861180122
399       6.697625349080852e-15  7.161758724063648e-15  7.860273542057105e-15  6.268729681349644e-15  5.311958473506042e-15  1.669695997818411e-16      1.943133499111962
400       2.953432790374588e-15  3.123132764032367e-15  9.234756001483007e-15  4.178721860923525e-15  8.362361274421185e-15  7.179784086139986e-17       1.45676988929709
401       3.837374509248598e-15   6.39708157002917e-15  4.873523827747549e-15  3.025368760351501e-15  2.974100425683893e-16  5.562303627609712e-16      1.614815684103263
402       2.625565150006043e-16  6.486464320651968e-15  1.867410475813486e-15  4.619266685123446e-15  4.058102281311717e-15  2.996587883149125e-15     0.6103839890383121
403       4.037951701778356e-15  1.628048871070077e-15  5.039334783251241e-17  4.847079312806396e-15  6.463131426261131e-16  1.478983925017798e-16      1.748898958322409
404       7.724145748201336e-15  4.924282106832868e-16  7.648331880262288e-15  4.937159099452009e-15  9.030619282741496e-15  5.772247352874437e-15     0.8889188026401008
405       3.531587241673713e-15  8.826028045220283e-15   2.00414747772037e-16  2.798840685092542e-16   1.62233182135812e-15  7.195401530114568e-15      1.900947723558503
406       4.006877700229372e-15  1.794655305007536e-15  9.095292683393783e-15  7.037822655342005e-15  8.713309335345745e-15   9.25243933965651e-16      1.009679683252293
407       2.081336241307843e-15  6.274322552018974e-15  8.347751122738925e-15  7.486013874483888e-15  4.538794056732047e-15  3.060754694669552e-15      1.500316607454693
408       3.868394366944965e-15  5.787990967157732e-15  9.964735909632522e-15  9.778055298622984e-15  7.784202104947105e-15  8.800361703102398e-15      1.706747946349223
409       4.053025168214299e-16  9.608711654502235e-15  7.247178784829153e-16  8.186152824169379e-15  2.162323501941737e-15   4.83641661570063e-15      1.328862043119995
410       1.133995209282098e-15  9.508943692047756e-15  2.474521995871963e-15  1.965852138775836e-15  7.539650179272642e-15  8.253964849396605e-15     0.5599517297711821
411       8.600833595881708e-15  4.173451634600542e-15  9.914985333139547e-15  4.378177275386702e-15  9.880423371054133e-15  3.471262470548677e-16      1.825132943464188
412       6.155192136000334e-15  1.329847812986547e-15  7.833298995523112e-16  8.973942704213245e-15  7.202709928729902e-15  8.333134268702914e-15     0.9044586853757351
413       3.273339280532472e-15  1.656390382082256e-15  4.769930210888059e-15  6.977972444980673e-15  2.129148642673385e-15  7.354077572436584e-15      0.947610428956386
414       4.690307469411887e-15  6.990938043903442e-15  8.048528088521324e-15  3.062834166972777e-15  1.141602262766439e-15  9.236215377768232e-15      1.968910906779833
415       9.274039075620233e-15  1.496014134607369e-15   3.55745630637037e-15   1.46389864564399e-15  8.986106380386269e-15  5.809490586556915e-15        1.6208001703945
416       2.683520235259418e-15   8.85822804547753e-15  3.289462997544041e-15  2.345599684254157e-15   9.98155163508299e-16  4.178751675629644e-15     0.8387027802669735
417       8.328302234583948e-16  8.604338498380591e-15  1.205702761934055e-15  2.742982083466341e-15  5.172287580766168e-15  6.664185631639515e-15     0.9201888411306419
418       8.817981102205681e-15  3.222073555921338e-15  1.469204367384127e-15   2.98584132182831e-15  9.415212060087358e-15  9.595224685948721e-15       1.18111090802859
419       6.676747850529303e-15   7.90679812463639e-16  1.947831986630645e-15  1.937755954766067e-15  2.548735423125368e-15   1.18211460314749e-15      1.894961151358115
420       5.131271892049601e-17  2.296123903554703e-15  5.273475709989884e-15  7.997195415030298e-15  8.046409589313053e-15  5.065602029582966e-15       1.64907079727187
421       9.983020643785492e-15  3.039029312969803e-15  3.736481132514082e-15  8.554269150430392e-15  2.191889617886302e-15  2.112803200425981e-15     0.6131759096500533
422       1.761369851927353e-15  7.033110189132333e-16   2.50989041183508e-15  9.986024211895469e-16  2.290417685636595e-15  5.867639555452478e-15      1.984521906949829
423       2.466867476024395e-15  4.889918420451837e-15  9.161442210264536e-15  3.510379827631449e-15  1.128978148577529e-15  1.868179956511169e-15      1.546876337331431
424       1.028385650883609e-16  1.584942517958213e-15  5.818507524359268e-15  4.670121280919658e-15  8.168300270712475e-15  1.487630034267104e-15      1.254792379092731
425       2.480519551294369e-16  4.956776928894154e-15  1.042720675018434e-15  2.139243014720561e-15  7.622002045236406e-15  2.674632602770122e-16      1.276934606349062
426       5.343565449840801e-15  8.346884572678234e-15  1.312365445732647e-15  3.936844259162954e-16  4.671187782578456e-16  2.929750476512331e-16      1.123545175043791
427        5.82722645722809e-16  5.413633178907113e-16  2.489064369563835e-15  3.591469295722065e-16  5.749631429473993e-15  1.983058061282354e-15      1.266156268587667
428       3.648751800619911e-15  1.513707211074278e-15  8.403342837039157e-15  8.490938615927324e-15  7.442876251875822e-15  7.601350622148928e-15      1.787489490533316
429       2.910977501440865e-15  7.730506135003593e-16  4.421368145833626e-15  6.330309201340067e-15  4.406077922989248e-15  6.951373352982291e-15     0.9508879350705244
430       6.705419896558529e-15  3.398672557458922e-15  1.505657705832053e-15  5.128748153110568e-15  6.436268983849139e-15   5.02943937685736e-15     0.8653226339147997
431       9.538600687281796e-16  8.450547561565233e-15  6.438530136586607e-15  8.174159998191888e-15   9.29566526254726e-15   9.10884575156924e-15      1.791778251244193
432       8.236627500581212e-15  8.675127311948239e-15  6.486022090397318e-15  4.148949922418942e-15  5.760449922408302e-15  2.340698087820676e-15      1.838649200554822
433       3.494947915871308e-15  2.999344109360812e-15  3.312776124935488e-15  9.160477263097834e-15  8.777788104957463e-16  2.023017701283266e-15       1.85127685249615
434       9.152780112465921e-15  3.631341639290548e-15  7.198904999700883e-15  8.525792187712197e-15  2.970092885768916e-15   4.31315073594935e-15     0.5685133018427579
435       9.841632151837738e-15  8.411175784375944e-15  8.507575868549824e-15  8.041083900591531e-15  4.869903277721357e-16  6.895488888773481e-16      1.416133820194263
436       8.042203194781698e-15  6.415067106729309e-15   1.00781632148057e-15  9.950933154808164e-15  3.809495249413423e-15  4.515493663853905e-15      1.024019888872427
437       2.191626880177072e-15  4.465343710891364e-15  7.496274273979054e-15   2.80827577454386e-15  8.974071591835283e-15  9.672801391675823e-15      1.136974376923188
438       3.178528226497869e-15  8.623425941208871e-15  2.546637850873912e-15  5.196521952896532e-15   5.62489965223871e-15  6.314074775750417e-15     0.7539655103566134
439       5.742439773978067e-15  2.028449544753706e-15  4.344479517190347e-15  8.781301567345023e-15  4.236774928099356e-15  5.832647983755391e-17       1.33281987575801
440       1.966962241396829e-17  3.828149889204167e-15  6.203770624026068e-15  5.059394717397288e-16  4.464035836256251e-15  1.597201135966863e-15      1.037112418377976
441       3.745898722089258e-15  9.659846330566542e-15  7.139359762303048e-16  6.914625206586414e-15  7.990643593320989e-15  4.962161212617717e-15      1.059801537948714
442       7.585671421929125e-15  7.701491616776502e-15  9.433778147097148e-15  4.489236205455962e-15  6.999690114180355e-15  7.290892282639768e-15      1.735490031196249
443       7.383359398581822e-15  9.318726011748358e-15  2.351402315419467e-16  3.276009886624932e-15  5.000486103132507e-15  7.885193570329752e-18      1.407403744730626
444       3.438721907304424e-15  1.472050180111145e-15  8.586621586288426e-15  9.287070117957404e-15  5.512545206243724e-15  5.545393906444596e-15      1.160360753504289
445        9.71583651400461e-15  6.116751078697281e-15  8.155104344196533e-15  1.325095163965872e-15  8.548023111103214e-15  6.648039057592318e-15      1.423403988310415
446       6.871653240941282e-15  6.248368297602072e-15  2.455586802947797e-15    4.3978590663803e-15  2.959371866848135e-15  4.141945644208664e-15      1.413402286394643
447        9.38533673843179e-15  2.913413168628626e-15  6.073846447328226e-16  5.550017854996399e-15  6.862440458608483e-15  2.308397509827508e-15      1.300878495968285
448       2.896152095575921e-15  9.563985803101821e-15  5.694934169911733e-15   7.24027418111973e-15  3.607040073500731e-15  5.376538219753246e-15     0.5754067870422234
449       1.468886112937895e-16  2.217752712045318e-16  2.569963504066367e-16  2.966312876114706e-15  5.719648883258564e-15   7.24842101237629e-15        1.2145577150535
450       2.012768071038019e-15  1.157742588770412e-15  9.074791140366415e-15  6.036206324565755e-15   8.18722968643204e-15   1.21316597953367e-15      1.977654092984962
451       5.653646217764591e-15  1.841191616761339e-15  2.130274459027262e-15  3.783731040265735e-15  2.581244978675876e-15  9.010951710530057e-16     0.5256620540971096
452       5.545173341965176e-15  3.896805390411097e-15  7.044708771639434e-15   6.06738275329225e-15  2.203192054126593e-16  1.727353572225861e-15      1.537520741435193
453       6.134638007079947e-15  6.736698262089675e-15  3.894222553409078e-15  3.120037187296493e-15  9.996056842352115e-15   4.38973989307441e-15      1.285142239504588
454        9.12662977320072e-15  5.699791638384359e-15  5.238619897197925e-15  4.302661064808205e-15  1.851699018761022e-15  1.241916462619937e-16       1.51511360069807
455       8.329232885395949e-15  2.872447484420482e-15  6.336170207178425e-15  9.736170194302737e-15  5.358955515428845e-15  8.120537756726215e-15      1.411678608551976
456       6.635585451117064e-15  3.859257653698995e-15  3.116411505035895e-15  2.701561822514107e-15  8.105151763963311e-15  5.221829159747782e-15     0.8202058686521847
457       8.727367302023507e-15  9.683240744654929e-15   8.89595485923849e-15  8.584047774849757e-15  3.115099215285154e-15  2.659033180432164e-15     0.7423475862043351
458       2.390561144193329e-16  5.369395053241633e-15  5.171688690785868e-15  2.585871920398225e-15  9.111847177668347e-15  4.695442871977562e-15     0.6958073833202834
459       4.087110205703741e-15  5.210591484924261e-15  1.997130063404718e-15  6.995928003923737e-15  5.562333967119751e-15  4.645679729493395e-16      1.223288838741138
460       1.399858167573217e-15   1.19955082513054e-15   9.55154143847264e-15  7.096405390704161e-15  8.754146537493493e-15  7.782722982994244e-15      1.237440660430309
461        6.34158616219332e-15  6.427220653819834e-15  7.089137071506053e-15  6.809041726753166e-15  1.683569026403322e-15  7.620356072338989e-15       1.16867009424386
462       2.985978415159949e-16  9.265835331999242e-15  3.481160007095605e-15  4.402521649232506e-15  9.529329513406864e-15  6.568153054363507e-15      1.656124248482149
463       9.406734026933989e-15  7.610929305705039e-15  2.247914580960638e-15  3.665123437637328e-15  3.044965826398241e-15  4.457503993029707e-16     0.8917733458514864
464       2.774737028705544e-15   5.97360340017391e-15   5.15857621924038e-15  8.690423066688518e-15  9.914332582111563e-15  8.046349559436362e-15      1.041111051621572
465       4.431384847291943e-15  4.305323879901374e-15  7.376606516362624e-15  3.914534734802323e-15  4.191374564071343e-15  1.956088953747874e-15     0.8214455674430913
466       4.261562113328601e-15  5.678928137955835e-15  6.643683697517893e-15   3.17819492062676e-15  7.976300947559752e-15   4.95571542219792e-15      1.343997330563691
467       3.120496406207744e-15  9.673665486114435e-15  2.157756003956173e-15  2.277870632541068e-15  8.258405160587193e-15  7.234103580631706e-15      1.585076593821499
468       4.209264051023039e-15  1.281866808212158e-15  2.841606920930624e-15  6.536451854590302e-15  3.297320022921343e-15  2.905229918005557e-15      1.568738021891133
469       4.107821730194813e-15  2.004538231522103e-15  8.481160402187522e-15  7.747867419766084e-15  1.195017786172875e-15  6.794413606941221e-15      1.477034872436304
470       4.884593223657177e-15  3.870508641848472e-15  3.802566381703798e-15    1.2025035815125e-15  6.602946179342024e-15  7.932046411771119e-15      1.521935897886817
471       9.446673691170663e-15  2.404390617368898e-15   5.70386580460943e-15  5.528444134203208e-15  3.344397363685782e-15  3.050130740306457e-17      1.606159163803074
472       8.249655563989763e-15  9.058465908246704e-15  6.747031326858557e-15  6.577989129431681e-15  8.396543038381346e-15  1.771443188243194e-15     0.5617460733893882
473       8.283543690770853e-15  5.939009482693948e-15  8.667639407564818e-15  9.481111731597975e-15  1.291807084271277e-15  9.274980293357923e-15      0.579220273497639
474       7.400580153465894e-15  9.664749722542619e-16  1.475103711379346e-16    7.2223974006733e-15  9.192528488214674e-15  6.849243191986203e-15      1.185078100141276
475       6.880411226755136e-15  5.621512876146923e-15  5.726718814350886e-15  2.772734977880187e-15  2.893659135126882e-15  1.672779798295864e-15      1.449723789904825
476       4.677949827553818e-15  1.730544963674696e-15  9.115754398331714e-16  6.683860251135829e-15  3.152088533467961e-15   3.54544986723947e-15     0.9439028478637116
477       5.722639322951101e-15  1.430197741022315e-15  3.422544308427352e-15  8.007351869734309e-15  2.049693128773544e-15  2.688539624029164e-15      1.513501032226719
478       2.978994522813773e-15  6.037069505235511e-15  5.970200273232787e-15  8.382652562451404e-15    1.6167237509218e-15  2.548713896199732e-15      0.517040572973631
479       4.578489079598051e-15  5.948446295523564e-15  3.922361050578395e-15  5.246702617350339e-15   3.63254183468837e-15  7.864598773153332e-15      1.728031551028618
480       8.502106762789565e-15  8.716427513239168e-15  9.271628803527779e-15  9.593902521576975e-17  8.450787170277468e-15  2.753805071291293e-15     0.7137477672269634
481       6.297109039639469e-15  1.562380044147477e-15  6.937474515917821e-15  9.974109194591697e-15  6.233789511120976e-15  8.697444453479486e-17      1.877940026262582
482       5.975464053899715e-15  2.508803880588039e-15  6.163576451274139e-15  7.420968213388057e-15  4.846207311921431e-15  9.653818059893227e-15      1.194468436704627
483       3.775941597155815e-15  5.082027833021372e-15  6.789729719519316e-15  2.913493107465278e-15  7.345839629513037e-15   6.21244867103025e-15     0.6385263751419705
484       5.844916055774547e-15  9.323722484188126e-17  4.515051695384279e-15  3.478675028884257e-15  2.305793071648828e-15  8.832955994255478e-15      1.075826012059302
485       4.386416921804995e-15  7.051186196415268e-15  8.809934908055489e-15  1.506716732071347e-15   2.47649213742591e-15  4.995700352279213e-16      1.875922594901009
486       9.869863950398426e-15  4.020855898905374e-15  1.344981578836641e-15  4.747777651442799e-15  6.383493881302798e-15  8.463717729564493e-15      1.437229111861843
487       7.235398234653511e-15  5.306250438691094e-15  7.591370825039464e-15  2.838373688752611e-15  7.577957508990761e-15  7.948698323456922e-15      1.760781905256844
488       8.080245481217491e-16   3.96438976975226e-15  5.421099811404279e-15  5.870833045143814e-15  5.196107352134768e-15  1.260243229032398e-15      1.003610236776951
489       9.099532247656798e-16  7.389176055200104e-15  4.830826924745415e-15  3.290323707212398e-15  7.084672426118663e-15  4.647654970277185e-15      1.083592785110483
490       6.908704135341559e-15  5.191756160375217e-15  4.019042911898281e-16  7.523336538295098e-15  8.177481286635215e-16  2.407996909376836e-15      1.014569324629576
491         2.5646833423292e-15  1.015756571872605e-15  7.941038262435136e-15  5.024223206226116e-15  1.074881770832315e-15  9.253072353626506e-15      1.474747951926231
492       8.909199720670771e-15   5.28593865023295e-16   3.32382418731069e-15   7.32821771755534e-15  8.904084017310792e-15  6.741422610509873e-15     0.9670919714618953
493       5.144677702645287e-15  3.901226623508914e-15  2.305661635369639e-15  4.906475586822953e-15  3.343665375710808e-16  4.458321297452393e-15      0.835375273834039
494       6.971544386008054e-15  8.094211586388271e-16  5.918418609395923e-15  9.624502712673399e-15  6.060292471515507e-15    3.6773955296007e-15     0.8738248986066257
495       7.019839291359765e-15  7.087334796645606e-15  9.851348760489115e-15  1.717354426461227e-16  1.765312180253006e-15   3.72964679343044e-15     0.7203488498450736
496       5.035222355256651e-15  4.240165459734544e-15  5.003071967420204e-15  4.877067204840858e-15  8.063041246975596e-15  4.353864777327268e-15        1.2445993353016
497       3.841351809157211e-15  7.516936654515733e-15  8.780373589010125e-16  2.680007575107684e-15  5.549753866957883e-15  1.794580427677485e-15     0.8402377766389924
498       1.428833958947549e-15  8.038084007213277e-15  7.821574627807718e-15  8.715698381795232e-15  4.241492076676574e-15  4.773903872302227e-15      1.094973928172333
499       1.750486395222759e-15  1.459322312761345e-15  9.998719303617207e-15  1.056032642287284e-15  9.241314711435768e-15  2.809869688717056e-15      1.405951487311861
500       8.712010105927442e-15  5.147488217073797e-15  3.860538054735053e-15  3.205795916167824e-15  1.325387712520598e-15  3.046862518804663e-15     0.9822409879531567
